Initiator Probability Tipping Threshold
9.199999999999999845e-02 1.250000000000000000e-01
1.370000000000000107e-01 1.666666666666666574e-01
1.809999999999999942e-01 2.000000000000000111e-01
2.129999999999999949e-01 2.272727272727272652e-01
2.449999999999999956e-01 2.500000000000000000e-01
2.670000000000000151e-01 2.692307692307692180e-01
2.889999999999999791e-01 2.857142857142856984e-01
3.059999999999999942e-01 2.999999999999999889e-01
3.200000000000000067e-01 3.125000000000000000e-01
3.459999999999999742e-01 3.295454545454545858e-01
3.499999999999999778e-01 3.333333333333333148e-01
3.619999999999999885e-01 3.421052631578947456e-01
3.709999999999999964e-01 3.499999999999999778e-01
3.820000000000000062e-01 3.571428571428571508e-01
3.880000000000000115e-01 3.636363636363636465e-01
