Initiator Probability Tipping Threshold
9.700000000000000289e-02 2.272727272727272652e-01
1.620000000000000051e-01 2.500000000000000000e-01
2.089999999999999913e-01 2.692307692307692180e-01
2.389999999999999902e-01 2.857142857142856984e-01
2.750000000000000222e-01 2.999999999999999889e-01
2.889999999999999791e-01 3.125000000000000000e-01
3.210000000000000075e-01 3.295454545454545858e-01
3.220000000000000084e-01 3.333333333333333148e-01
3.400000000000000244e-01 3.421052631578947456e-01
3.539999999999999813e-01 3.499999999999999778e-01
3.629999999999999893e-01 3.571428571428571508e-01
3.760000000000000009e-01 3.636363636363636465e-01
3.840000000000000080e-01 3.695652173913043237e-01
3.950000000000000178e-01 3.750000000000000000e-01
3.990000000000000213e-01 3.800000000000000044e-01
